1 1
2 0.441197
3 0.442917
4 0.444758
5 0.446567
6 0.448355
7 0.45018
8 0.451996
9 0.453808
10 0.455622
11 0.457456
12 0.459309
13 0.461157
14 0.462985
15 0.464832
16 0.466691
17 0.468563
18 0.470435
19 0.472301
20 0.474184
21 0.476078
22 0.477972
23 0.47987
24 0.481779
25 0.483694
26 0.48562
27 0.487561
28 0.489515
29 0.49148
30 0.493458
31 0.495436
32 0.497419
33 0.499407
34 0.501401
35 0.503403
36 0.50542
37 0.507443
38 0.509468
39 0.511502
40 0.513542
41 0.515592
42 0.517654
43 0.519723
44 0.521794
45 0.523868
46 0.525952
47 0.528042
48 0.530141
49 0.53225
50 0.53437
51 0.536495
52 0.538631
53 0.540775
54 0.542927
55 0.54509
56 0.54726
57 0.54944
58 0.551632
59 0.553833
60 0.556042
61 0.558258
62 0.560481
63 0.562716
64 0.564959
65 0.56721
66 0.569472
67 0.571742
68 0.574025
69 0.576308
70 0.578603
71 0.580905
72 0.583219
73 0.58554
74 0.58787
75 0.590208
76 0.592556
77 0.59491
78 0.59727
79 0.59964
80 0.602025
81 0.604416
82 0.606813
83 0.609224
84 0.61165
85 0.614083
86 0.616523
87 0.618975
88 0.621438
89 0.623912
90 0.626391
91 0.628882
92 0.631384
93 0.633897
94 0.636427
95 0.638966
96 0.641511
97 0.644068
98 0.646632
99 0.649208
100 0.651796
101 0.654398
102 0.657001
103 0.659616
104 0.662242
105 0.664885
106 0.667538
107 0.670205
108 0.672883
109 0.675573
110 0.678273
111 0.680985
112 0.683713
113 0.686451
114 0.689201
115 0.691962
116 0.694736
117 0.697521
118 0.700319
119 0.703129
120 0.705951
121 0.708784
122 0.711629
123 0.714486
124 0.717354
125 0.720234
126 0.723127
127 0.726028
128 0.728952
129 0.731879
130 0.734819
131 0.737772
132 0.740735
133 0.74371
134 0.746699
135 0.749697
136 0.752705
137 0.755728
138 0.75876
139 0.76181
140 0.764869
141 0.767938
142 0.771021
143 0.774114
144 0.777216
145 0.780335
146 0.783465
147 0.786605
148 0.789754
149 0.792918
150 0.796092
151 0.799276
152 0.802478
153 0.805689
154 0.808916
155 0.812149
156 0.815396
157 0.818651
158 0.821917
159 0.825196
160 0.828488
161 0.83179
162 0.8351
163 0.838429
164 0.841771
165 0.845121
166 0.848488
167 0.851871
168 0.855263
169 0.858674
170 0.862102
171 0.865538
172 0.868992
173 0.872461
174 0.87594
175 0.879429
176 0.882942
177 0.886472
178 0.890021
179 0.893578
180 0.897157
181 0.900748
182 0.904357
183 0.907981
184 0.911621
185 0.915268
186 0.918937
187 0.922616
188 0.926312
189 0.930024
190 0.933752
191 0.937489
192 0.941244
193 0.945015
194 0.948792
195 0.952591
196 0.956412
197 0.960247
198 0.964092
199 0.967963
200 0.971844
201 0.975741
202 0.979641
203 0.983563
204 0.987516
205 0.991479
206 0.995451
207 0.999434
208 1.00343
209 1.00744
210 1.01146
211 1.01551
212 1.01958
213 1.02366
214 1.02776
215 1.03188
216 1.03601
217 1.04016
218 1.04431
219 1.04849
220 1.05268
221 1.05688
222 1.0611
223 1.06534
224 1.06961
225 1.0739
226 1.07822
227 1.08254
228 1.08689
229 1.09126
230 1.09567
231 1.10009
232 1.10453
233 1.109
234 1.11348
235 1.11799
236 1.1225
237 1.12702
238 1.13154
239 1.13609
240 1.14067
241 1.14524
242 1.14983
243 1.15447
244 1.15913
245 1.16378
246 1.16843
247 1.17309
248 1.17774
249 1.18238
250 1.18706
251 1.19178
252 1.19657
253 1.20139
254 1.20637
255 1.21117
256 1.2158

1 1
2 0.569608
3 0.567761
4 0.565779
5 0.563951
6 0.562089
7 0.560298
8 0.55855
9 0.556849
10 0.555214
11 0.553663
12 0.552162
13 0.550698
14 0.549288
15 0.547917
16 0.546615
17 0.545381
18 0.544204
19 0.543091
20 0.542015
21 0.540982
22 0.539993
23 0.539043
24 0.538138
25 0.537279
26 0.536461
27 0.535689
28 0.53497
29 0.534285
30 0.533635
31 0.533024
32 0.532446
33 0.531915
34 0.53142
35 0.530963
36 0.530546
37 0.530176
38 0.52985
39 0.529558
40 0.529305
41 0.529096
42 0.528928
43 0.528801
44 0.528705
45 0.528647
46 0.528634
47 0.528663
48 0.528729
49 0.528832
50 0.528969
51 0.529146
52 0.52936
53 0.529614
54 0.529907
55 0.530241
56 0.530614
57 0.531025
58 0.531477
59 0.531967
60 0.532499
61 0.53306
62 0.533666
63 0.534309
64 0.534993
65 0.535715
66 0.536479
67 0.53728
68 0.538117
69 0.538989
70 0.539904
71 0.540856
72 0.541847
73 0.542874
74 0.543938
75 0.545032
76 0.546162
77 0.547321
78 0.54852
79 0.549755
80 0.551025
81 0.552326
82 0.553663
83 0.555029
84 0.556426
85 0.557851
86 0.55931
87 0.560798
88 0.562321
89 0.563875
90 0.565458
91 0.567071
92 0.568716
93 0.570392
94 0.572094
95 0.573825
96 0.575588
97 0.577378
98 0.579198
99 0.581052
100 0.582932
101 0.584845
102 0.586785
103 0.588754
104 0.590754
105 0.592782
106 0.594836
107 0.596921
108 0.599034
109 0.601174
110 0.603342
111 0.605536
112 0.607757
113 0.61001
114 0.612287
115 0.614594
116 0.616928
117 0.619289
118 0.621682
119 0.624102
120 0.626548
121 0.629022
122 0.631524
123 0.634054
124 0.636609
125 0.639191
126 0.641802
127 0.644443
128 0.647107
129 0.649802
130 0.652522
131 0.655271
132 0.658048
133 0.660856
134 0.663694
135 0.666562
136 0.669461
137 0.672393
138 0.675358
139 0.67835
140 0.681382
141 0.684451
142 0.687555
143 0.690695
144 0.69387
145 0.697085
146 0.700343
147 0.703642
148 0.706978
149 0.710358
150 0.713779
151 0.717246
152 0.720754
153 0.724309
154 0.727913
155 0.731563
156 0.73526
157 0.739003
158 0.742801
159 0.74665
160 0.750559
161 0.75452
162 0.758539
163 0.762616
164 0.766756
165 0.770956
166 0.775217
167 0.779538
168 0.783927
169 0.788383
170 0.792908
171 0.797508
172 0.80218
173 0.806921
174 0.811741
175 0.816639
176 0.821615
177 0.826673
178 0.831817
179 0.837043
180 0.842362
181 0.847778
182 0.853281
183 0.858882
184 0.864581
185 0.870379
186 0.876283
187 0.882298
188 0.88842
189 0.894658
190 0.901017
191 0.907499
192 0.914096
193 0.920821
194 0.927682
195 0.934671
196 0.941795
197 0.949065
198 0.956481
199 0.964055
200 0.971788
201 0.979682
202 0.987739
203 0.995964
204 1.00437
205 1.01295
206 1.02172
207 1.03069
208 1.03986
209 1.04925
210 1.05884
211 1.06866
212 1.07872
213 1.08902
214 1.09957
215 1.11039
216 1.12148
217 1.13285
218 1.14452
219 1.1565
220 1.16879
221 1.18142
222 1.19442
223 1.20777
224 1.22151
225 1.23566
226 1.25025
227 1.26528
228 1.28078
229 1.29674
230 1.31322
231 1.33024
232 1.34784
233 1.36603
234 1.38488
235 1.40441
236 1.42464
237 1.44563
238 1.46739
239 1.49001
240 1.51352
241 1.53798
242 1.56352
243 1.59019
244 1.61807
245 1.64723
246 1.67776
247 1.7098
248 1.74353
249 1.77923
250 1.81702
251 1.85721
252 1.90016
253 1.94632
254 1.99619
255 2.05069
256 2.11026